	Taxon1	Taxon2	Taxon3	Taxon4	Taxon5	Taxon6	Taxon7
Taxon1	0	0.7894736842105263	0.7368421052631579	0.5789473684210527	0.631578947368421	0.7368421052631579	0.6842105263157895
Taxon2	0.7894736842105263	0	0.21052631578947367	0.5789473684210527	0.5263157894736842	0.3684210526315789	0.42105263157894735
Taxon3	0.7368421052631579	0.21052631578947367	0	0.5263157894736842	0.5263157894736842	0.2631578947368421	0.3157894736842105
Taxon4	0.5789473684210527	0.5789473684210527	0.5263157894736842	0	0.15789473684210525	0.42105263157894735	0.47368421052631576
Taxon5	0.631578947368421	0.5263157894736842	0.5263157894736842	0.15789473684210525	0	0.3684210526315789	0.42105263157894735
Taxon6	0.7368421052631579	0.3684210526315789	0.2631578947368421	0.42105263157894735	0.3684210526315789	0	0.10526315789473684
Taxon7	0.6842105263157895	0.42105263157894735	0.3157894736842105	0.47368421052631576	0.42105263157894735	0.10526315789473684	0
